Future avg: 
[0.10544, 0.205536, 0.6816, 3.09206, 6.13683, 0.09643199999999999, 0.19118400000000002, 0.6791039999999999, 3.3042249999999997, 11.882560000000002, 0.090312, 0.18591199999999997, 0.6733600000000001, 6.4529049999999994, 9.694315, 0.114452, 0.213688, 1.13853625, 3.144245, 9.14837125, 0.196628, 0.303878, 1.880057, 7.1020875, 8.705446875, 0.694250625, 1.1581700625, 1.7061362500000001, 8.8445334375, 15.543275000000001]

Stream avg: 
[0.088608, 0.187104, 0.670752, 3.09101, 6.10419, 0.085264, 0.18296, 0.7614080000000001, 3.130515, 10.32562, 0.081616, 0.18426399999999998, 0.6630959999999999, 8.526845, 6.13483, 0.09535999999999999, 0.19268000000000002, 0.678896, 7.0853375000000005, 9.26907625, 0.11729599999999998, 0.23772000000000001, 1.3069801249999997, 10.363617499999998, 10.408754375000001, 0.19478899999999993, 0.9243602499999998, 2.2864615624999995, 9.177777187499997, 17.246512499999998]

Managed avg: 
[0.396704, 0.451616, 1.02061, 3.36941, 6.37699, 0.292736, 0.371312, 0.866354, 3.315615, 6.214370000000001, 0.22527199999999997, 0.340296, 0.8144005, 3.18403, 6.15661, 0.20022, 0.29026, 0.751528, 3.1533525, 6.1607199999999995, 0.21070599999999998, 0.32524000000000003, 0.8710420000000002, 3.844489375, 7.559499375, 0.282609, 0.46446499999999996, 1.5143246874999998, 6.9831315625, 13.70058125]

One SM avg: 
[45.4321, 214.11, 984.983, 4914.09, 9826.29, 82.3552, 396.721, 1972.495, 9833.564999999999, 19669.55, 166.5485, 795.4014999999999, 3940.1974999999998, 19669.35, 39330.675, 330.486625, 1587.6924999999999, 7878.828750000001, 39328.6875, 78638.25, 661.9558749999999, 3176.2362499999995, 15756.156249999998, 78653.80625, 157272.1875, 1313.1674999999998, 6347.333437500001, 31507.087500000005, 157304.46875, 314541.875]

Future speedup: 
[   430.8810698    1041.71531994   1445.10416667   1589.2608811
   1601.19964216    854.02356064   2075.074274     2904.55511969
   2976.05792584   1655.32932297   1844.14584994   4278.37632859
   5851.54672092   3048.13878401   4057.08655021   2887.55657393
   7429.95629142   6920.13868684  12508.14981021   8595.87437491
   3366.53922636  10452.34024839   8380.68008044  11074.74474934
  18065.95224326   1891.48911461   5480.48481222  18466.92343592
  17785.50218184  20236.52512099]

Stream speedup: 
[   512.73135609   1144.3368394    1468.47568103   1589.80074474
   1609.7614917     965.88478138   2168.34827285   2590.58875137
   3141.19721515   1904.92677437   2040.63541462   4316.64079799
   5942.12225681   2306.75589858   6411.04561985   3465.67350042
   8240.04826656  11605.35450202   5550.71476835   8483.93603408
   5643.46503717  13361.24957934  12055.39085761   7589.41617153
  15109.60695525   6741.48694228   6866.73127441  13779.84568678
  17139.71319376  18237.99884179]

Managed Memory Stream speedup: 
[   114.52392716    474.09746333    965.09244471   1458.44227921
   1540.8978217     281.3292523    1068.43032275   2276.77716038
   2965.83439271   3165.17201261    739.32179765   2337.38127983
   4838.15702471   6177.50146827   6388.36551284   1650.61744581
   5469.89767794  10483.74611458  12472.02382227  12764.45772572
   3141.60904293   9765.82293076  18088.85937762  20458.84344524
  20804.57708881   4646.58768829  13665.9025707   20806.03173155
  22526.35044064  22958.2868975 ]

