
#HMMPAR,4,256,257,258,56,1

#HMMPAR,4,256,257,258,56,1
*3.68576, 3.53659, 3.58276, 3.65566, 
$14.492

#HMMPAR,4,256,257,258,56,1
*3.59648, 3.60931, 3.5776, 3.5676, 
$14.379

#HMMPAR,4,256,257,258,56,1

#HMMPAR,4,256,257,258,56,1
*3.57923, 3.6092, 3.70695, 3.63617, 
$14.5596

#HMMPAR,4,256,257,258,56,1
*3.68609, 3.54597, 3.58269, 3.51878, 
$14.36

#HMMPAR,4,256,257,258,56,1
*3.61911, 3.65092, 3.66216, 3.59931, 
$14.5585

#HMMPAR,4,256,257,258,56,1
*3.61981, 3.59534, 3.60566, 3.57118, 
$14.4203

#HMMPAR,4,256,257,258,56,1

#HMMPAR,4,256,257,258,56,1
