
#HMMPAR,4,256,257,258,56,1
*4.26506, 4.18073, 4.15335, 3.99492, 
$16.6237

#HMMPAR,4,256,257,258,28,4
*2.21168, 2.15064, 2.11096, 2.13501, 
$8.66463

#HMMPAR,4,256,257,258,10,16
*0.839998, 0.782599, 0.778583, 0.789779, 
$3.26671

#HMMPAR,4,256,257,258,7,32
*0.648496, 0.557958, 0.558192, 0.718896, 
$2.58813

#HMMPAR,4,256,257,258,5,56
*0.603124, 0.532325, 0.89643, 0.526129, 
$2.68776

#HMMPAR,4,512,513,514,56,1
*48.5203, 48.1902, 47.7658, 47.7648, 
$192.346

#HMMPAR,4,512,513,514,28,4
*24.7524, 24.5364, 24.6493, 24.3272, 
$98.4713

#HMMPAR,4,512,513,514,10,16
*9.09095, 9.0314, 9.0053, 8.95934, 
$36.3771

#HMMPAR,4,512,513,514,7,32
*6.55594, 6.42454, 6.42354, 7.71786, 
$27.5243

#HMMPAR,4,512,513,514,5,56
*6.33375, 6.53501, 10.1394, 6.29787, 
$29.8185

#HMMPAR,4,768,769,770,56,1
*122.029, 119.689, 120.771, 119.306, 
$482.026

#HMMPAR,4,768,769,770,28,4
*62.6537, 61.6804, 62.793, 62.7802, 
$250.347

#HMMPAR,4,768,769,770,10,16
*23.1539, 23.5617, 23.4262, 23.5677, 
$94.3577

#HMMPAR,4,768,769,770,7,32
*17.5215, 18.1238, 17.9954, 25.3971, 
$79.9595

#HMMPAR,4,768,769,770,5,56
*21.4415, 22.3607, 32.7202, 21.5183, 
$99.1403

#HMMPAR,4,1024,1025,1026,56,1
