Device : Tesla P100-PCIE-16GB
multiproc num : 56
warp size : 32
GPU freq (kHz) : 1328500

Items number 	 Host iterations 	 Kernel iterations 
7168 	 	 	 4 	 	 	 500

##########################
##########FUTURE##########
##########################

********** ITERATION 0 **********
Clock measures
1467319, 1470214, 1456516, 1468675, 1463288, 1462749, 1464850, 1470729, 1458682, 1469042, 1465558, 1465050, 1463112, 1455782, 1467653, 1463914, 1454405, 1459766, 1460403, 1451000, 1458024, 1461574, 1454585, 1459067, 1448117, 1459003, 1458141, 1449086, 1464282, 1464502, 1455116, 1465242, 1468835, 1459531, 1467278, 1465950, 1456136, 1465944, 1467503, 1465740, 1457996, 1455260, 1456524, 1462965, 1452448, 1462194, 1459894, 1452758, 1459369, 1461724, 1455883, 1451666, 1444167, 1452935, 1454106, 1448256, 1467327, 1470570, 1460539, 1470459, 1466091, 1461154, 1465150, 1470323, 1459962, 1469446, 1466540, 1464584, 1467642, 1459012, 1467235, 1461835, 1453238, 1459779, 1460418, 1452679, 1459337, 1461298, 1457494, 1461973, 1448562, 1460612, 1457648, 1446637, 1462261, 1466602, 1455124, 1468142, 1468518, 1459785, 1467725, 1468860, 1456260, 1464349, 1465713, 1465319, 1458017, 1456868, 1459843, 1466303, 1455332, 1464871, 1459468, 1452328, 1459385, 1462223, 1457812, 1455676, 1446519, 1456534, 1457432, 1451125, 1470218, 1470592, 1459084, 1468683, 1466159, 1462765, 1465726, 1470745, 1458710, 1469017, 1468440, 1467936, 1463140, 1456098, 1467661, 1466781, 
-------------------------
Avg clk (ms) 	 min clk 	 max clk 	 event time (ms) 
1.09986 	 1444167 	 	 1470745 	 	 1.54522

********** ITERATION 1 **********
Clock measures
1467517, 1470006, 1456804, 1467207, 1463154, 1463825, 1464519, 1469794, 1459624, 1469413, 1463351, 1464832, 1462877, 1455505, 1467429, 1463634, 1454834, 1459602, 1460071, 1451503, 1455685, 1461480, 1454384, 1459089, 1448348, 1459164, 1458100, 1448690, 1464172, 1464422, 1454814, 1464991, 1468852, 1457691, 1466880, 1465370, 1455947, 1465953, 1467350, 1465971, 1457951, 1452960, 1456285, 1462630, 1451677, 1461375, 1459318, 1452100, 1459055, 1462704, 1455783, 1452975, 1444111, 1453982, 1454148, 1449483, 1467517, 1470414, 1459603, 1470118, 1466092, 1460935, 1465062, 1469809, 1459258, 1469805, 1466872, 1464333, 1467399, 1458643, 1467024, 1461178, 1454848, 1459505, 1460072, 1452516, 1459108, 1461485, 1457725, 1462136, 1448152, 1460016, 1457757, 1446756, 1462249, 1466510, 1454827, 1467901, 1468512, 1457700, 1467326, 1468808, 1456406, 1465534, 1466927, 1465563, 1457972, 1455824, 1459623, 1465541, 1455345, 1463931, 1458894, 1451669, 1457948, 1462702, 1457671, 1455868, 1446400, 1456859, 1457566, 1451014, 1470398, 1470436, 1459177, 1467232, 1466060, 1463841, 1465330, 1469822, 1459493, 1469388, 1468804, 1467703, 1462906, 1455530, 1467433, 1465745, 
-------------------------
Avg clk (ms) 	 min clk 	 max clk 	 event time (ms) 
1.09972 	 1444111 	 	 1470436 	 	 1.58134

********** ITERATION 2 **********
Clock measures
1465508, 1467749, 1455221, 1466946, 1461385, 1461285, 1462879, 1469080, 1456155, 1467271, 1464293, 1463172, 1462075, 1454412, 1466042, 1461348, 1452317, 1457699, 1458709, 1449777, 1456111, 1460724, 1453066, 1458999, 1445844, 1461167, 1456244, 1447056, 1462403, 1462582, 1452375, 1463337, 1466934, 1456714, 1465721, 1464045, 1453940, 1464103, 1465527, 1463352, 1456314, 1450473, 1457445, 1460888, 1448950, 1460147, 1457961, 1449554, 1457489, 1461140, 1454340, 1450482, 1442010, 1451137, 1452447, 1447531, 1465510, 1470653, 1458029, 1467423, 1464117, 1459126, 1462924, 1468454, 1458259, 1469041, 1464720, 1462393, 1464914, 1457283, 1464867, 1460923, 1452274, 1457699, 1458703, 1450722, 1457280, 1460090, 1454686, 1461198, 1446931, 1461592, 1456246, 1445848, 1460635, 1464903, 1452780, 1466258, 1466735, 1456448, 1465807, 1466968, 1454069, 1463683, 1465110, 1463364, 1456334, 1452545, 1457864, 1464196, 1453260, 1462354, 1457315, 1449142, 1457518, 1462162, 1454972, 1454422, 1443978, 1454452, 1455342, 1449458, 1468427, 1467757, 1457183, 1464063, 1464275, 1461301, 1464241, 1469101, 1456180, 1466818, 1467196, 1466062, 1462079, 1454437, 1466046, 1463771, 
-------------------------
Avg clk (ms) 	 min clk 	 max clk 	 event time (ms) 
1.09848 	 1442010 	 	 1470653 	 	 1.44112

********** ITERATION 3 **********
Clock measures
1465788, 1468955, 1454949, 1466357, 1461894, 1458908, 1463183, 1467962, 1457834, 1467702, 1464021, 1463084, 1461254, 1453306, 1466781, 1461672, 1452159, 1458125, 1458941, 1448949, 1456046, 1459680, 1452966, 1458009, 1446369, 1457209, 1456180, 1446976, 1462528, 1462655, 1452816, 1463285, 1466834, 1458140, 1465383, 1464193, 1453365, 1464452, 1465429, 1463282, 1456058, 1453857, 1454150, 1461174, 1450620, 1460271, 1458210, 1450042, 1457535, 1460173, 1454167, 1450472, 1442331, 1451157, 1452862, 1446938, 1465802, 1469061, 1458258, 1467397, 1464371, 1458923, 1463187, 1467969, 1457808, 1468051, 1464671, 1462627, 1465672, 1456671, 1462562, 1460557, 1452105, 1458130, 1458934, 1450616, 1457053, 1459697, 1455694, 1459943, 1446371, 1457185, 1456192, 1446554, 1460768, 1465126, 1453099, 1466193, 1466832, 1458005, 1465851, 1467110, 1454384, 1462901, 1463753, 1463276, 1456050, 1454725, 1458081, 1464507, 1453510, 1461738, 1457751, 1448479, 1457532, 1460375, 1455960, 1454497, 1444263, 1454469, 1456168, 1449743, 1468687, 1468935, 1457826, 1462891, 1464765, 1458924, 1464368, 1467978, 1457802, 1467571, 1466919, 1465982, 1461270, 1453413, 1466805, 1463946, 
-------------------------
Avg clk (ms) 	 min clk 	 max clk 	 event time (ms) 
1.09841 	 1442331 	 	 1469061 	 	 1.5319

----Total Events measures: 6.09958ms
